.	FH118.R1	AVC38.R1	AVC218.R1	FH210.R1	FH36.R1	AVC19.R1	AVC197.R1	AVC234.R1	FH102.R1	FH177.R1	FH64.R1	AVC211.R1	FH92.R1	FH201.R1	AVC220.R1	AVC64.R1	FH20.R1	AVC103.R1	FH74.R1	FH171.R1	AVC226.R1	FH71.R1	FH9.R1	FH154.R1	AVC26.R1	AVC242.R1	FH116.R1	AVC219.R1	AVC216.R1	AVC61.R1	FH95.R1	AVC107.R1	AVC210.R1	FH25.R1	FH127.R1	AVC221.R1	FH157.R1	AVC227.R1	AVC106.R1	AVC39.R1	AVC213.R1	AVC126.R1	AVC228.R1	AVC252.R1	AVC12.R1	AVC77.R1	AVC105.R1	AVC176.R1	AVC153.R1	FH164.R1	AVC8.R1	FH132.R1	FH33.R1	AVC80.R1	AVC207.R1	AVC7.R1	FH188.R1	AVC177.R1	AVC109.R1	AVC111.R1	FH149.R1	FH7.R1	AVC249.R1	FH168.R1	AVC171.R1	FH38.R1	AVC167.R1	FH56.R1	AVC59.R1	AVC159.R1	FH15.R1	FH162.R1	AVC237.R1	FH32.R1	FH40.R1	AVC201.R1	FH29.R1	AVC161.R1	AVC96.R1	AVC183.R1	AVC195.R1	FH52.R1	AVC232.R1	AVC35.R1	FH81.R1	FH100.R1	AVC196.R1	AVC20.R1	FH186.R1	AVC198.R1	AVC60.R1	FH22.R1	AVC154.R1	AVC21.R1	AVC191.R1	AVC91.R1	FH125.R1	FH130.R1	AVC25.R1	FH134.R1	FH145.R1	FH174.R1	AVC235.R1	AVC251.R1	FH197.R1	AVC65.R1	AVC215.R1	AVC11.R1	AVC256.R1	AVC4.R1	FH172.R1	AVC233.R1	AVC155.R1	FH18.R1	AVC98.R1	FH83.R1	AVC173.R1	FH108.R1	AVC204.R1	FH152.R1	AVC10.R1	AVC224.R1	AVC113.R1	FH192.R1	FH140.R1	AVC179.R1	AVC58.R1	FH46.R1	AVC156.R1	FH212.R1	AVC246.R1	AVC123.R1	FH59.R1	FH112.R1	AVC97.R1	FH1.R1	FH78.R1	FH209.R1	AVC94.R1	AVC209.R1	AVC222.R1	AVC160.R1	AVC200.R1	FH203.R1	AVC148.R1	FH50.R1	AVC29.R1	AVC34.R1	AVC5.R1	FH179.R1	AVC184.R1	AVC30.R1	FH200.R1	AVC79.R1	FH194.R1	FH34.R1	FH48.R1	FH166.R1	AVC223.R1	AVC186.R1	AVC51.R1
FH118.R1	0	0.0296791	0.0302075	0.02568	0.0262768	0.0322285	0.0262099	0.0257292	0.0303533	0.0302463	0.000758176	0.0282608	0.0303631	0.0246043	0.0269305	0.0248572	0.0242684	0.0305	0.000422211	0.0254353	0.0258197	0.0243228	0.0281437	0.0253299	0.032312	0.0296411	0.0239522	0.0260847	0.0217023	0.032312	0.0301493	0.0269821	0.0258774	0.0242995	0.0303729	0.0205724	0.0240828	0.030451	0.0145076	0.020559	0.0277952	0.0263777	0.0242064	0.0262936	0.026819	0.0266399	0.019763	0.00790383	0.0258115	0.0268875	0.0324062	0.0291981	0.0267421	0.0260764	0.0260348	0.0264113	0.030256	0.0195696	0.0273812	0.0266484	0.0263356	0.0263104	0.0243617	0.0253704	0.0307857	0.0307857	0.0257292	0.024106	0.0250965	0.0264958	0.028588	0.026093	0.025419	0.0263861	0.027893	0.0257703	0.00327667	0.0277331	0.0254434	0.0309745	0.0250965	0.0263777	0.0252573	0.0271462	0.0292449	0.0306573	0.0213544	0.0328503	0.0244866	0.0262685	0.0258857	0.0203526	0.0264958	0.0322702	0.026093	0.0198472	0.0259105	0.0298414	0.0326168	0.0307461	0.00022057	0.0251928	0.0306868	0.030875	0.0235567	0.0198927	0.0251848	0.0323538	0.0295747	0.025419	0.0253299	0.0255492	0.025484	0.0244241	0.025419	0.0265974	0.0307165	0.0305098	0.0261931	0.0253785	0.0323748	0.0263608	0.026143	0.0242064	0.000251985	0.0180168	0.0246673	0.0250245	0.017867	0.026235	0.0251526	0.0284512	0.0256227	0.0308452	0.0286704	0.0286979	0.0305883	0.025721	0.026708	0.0261848	0.0260431	0.0250404	0.0262015	0.0235718	0.0262936	0.0250564	0.0244085	0.0274074	0.0253299	0.0245101	0.0255247	0.0244866	0.0249049	0.0253866	0.0296411	0.0259105	0.0263692	0.0241446	0.0250644	0.0265974	0.0183558
AVC38.R1	0.0296791	0	0.0134133	0.0315588	0.0312752	0.0166513	0.0298222	0.0315996	0.00680042	0.0134427	0.0299565	0.0324798	0.00653086	0.0268618	0.025985	0.0300624	0.0228938	0.00601665	0.0298127	0.0249447	0.0312148	0.0251045	0.0337377	0.0251125	0.0167934	0.00470874	0.024518	0.0295841	0.0314268	0.0167934	0.00678985	0.0266314	0.0302657	0.0229011	0.00675112	0.0304804	0.0237081	0.00561533	0.0308948	0.030072	0.0326168	0.0302657	0.0233014	0.0294706	0.030159	0.0253704	0.0301397	0.0303729	0.0303533	0.0318556	0.0169134	0.00165607	0.0317222	0.0252734	0.0293387	0.0319484	0.0134722	0.0299372	0.0329892	0.0293575	0.0323015	0.025225	0.0239752	0.031245	0.00628912	0.00712406	0.0311847	0.0242995	0.0241368	0.025795	0.0343374	0.02559	0.031969	0.0327546	0.0326591	0.0315792	0.0303339	0.0327333	0.0243073	0.0163251	0.0304315	0.0325535	0.0305294	0.0325113	0.00166662	0.00698112	0.0313863	0.0161194	0.0235039	0.0299565	0.0244632	0.0310844	0.0257703	0.0166174	0.0249765	0.0301397	0.0317632	0.0146989	0.0170053	0.0131845	0.0297554	0.0247462	0.00705245	0.0133303	0.023891	0.0301107	0.0244397	0.0167991	0.00451781	0.0245886	0.0243929	0.0306671	0.0242142	0.031245	0.0313357	0.03162	0.00660399	0.00674761	0.0298605	0.0249208	0.0168048	0.0298222	0.0322806	0.023602	0.0297458	0.0306573	0.0238299	0.0304608	0.0310344	0.0314167	0.0303436	0.0335624	0.0316098	0.013233	0.00375311	0.0344498	0.00693845	0.0312752	0.0304119	0.0296506	0.0249526	0.0241755	0.0297935	0.0238986	0.029918	0.0305294	0.0233089	0.0325113	0.0241523	0.0235115	0.0243539	0.0229379	0.030549	0.0230339	0.00469301	0.0323329	0.0320621	0.0236096	0.0244241	0.0302755	0.0302366
AVC218.R1	0.0302075	0.0134133	0	0.032925	0.0326274	0.0168162	0.0318145	0.0330213	0.0122604	0.0121494	0.0301687	0.0322911	0.0120436	0.0285514	0.0265381	0.0311847	0.0244085	0.0138535	0.0303631	0.0245572	0.0317529	0.0246201	0.0346873	0.0247621	0.0169134	0.0127767	0.0250404	0.0335405	0.0317427	0.016902	0.0122187	0.027077	0.0329785	0.0244163	0.012265	0.0309147	0.0244866	0.012791	0.0318865	0.0304902	0.0337487	0.0320207	0.0236171	0.0321036	0.0325113	0.026572	0.0302755	0.0325957	0.0318865	0.0331825	0.0169077	0.0129006	0.0331718	0.0261264	0.0323958	0.032312	0.0121771	0.0320207	0.0337047	0.0301687	0.0329677	0.0263692	0.0243306	0.0327546	0.0138585	0.0125734	0.031508	0.0250724	0.0247858	0.0266824	0.035435	0.0250564	0.0321348	0.0340915	0.0319277	0.0322806	0.0311044	0.0339251	0.025217	0.0160918	0.0315181	0.0327015	0.0316813	0.0333664	0.0130157	0.0124607	0.0317324	0.0174879	0.0237537	0.0318453	0.0248016	0.0304412	0.0262768	0.0167934	0.0260265	0.0302852	0.032638	0.0143896	0.017167	0.0118199	0.0303046	0.0243773	0.0124935	0.00398722	0.0245493	0.0303631	0.0248651	0.0168791	0.0128053	0.0254759	0.024471	0.0318351	0.0252653	0.0323643	0.0324798	0.0337487	0.0141148	0.012228	0.0318762	0.0247067	0.0169651	0.0320104	0.0327652	0.024315	0.0303241	0.0313357	0.0243461	0.031569	0.0312349	0.0311545	0.0314674	0.0347328	0.0315385	0.0118881	0.0131651	0.0353885	0.0124046	0.0330106	0.0324062	0.033628	0.025985	0.0240674	0.0317837	0.0245337	0.0320207	0.0316302	0.0241832	0.033323	0.0251848	0.0236626	0.0255003	0.0241291	0.0317734	0.0253138	0.0129772	0.0337157	0.0333664	0.0244163	0.0251446	0.0323748	0.0299661
FH210.R1	0.02568	0.0315588	0.032925	0	0.00948303	0.0331072	0.0224565	0.0212716	0.0328823	0.032	0.0259022	0.0178193	0.032638	0.0273201	0.0298222	0.0206797	0.0269391	0.0327864	0.0256882	0.0286154	0.0158062	0.0286154	0.0172192	0.0288821	0.0333881	0.0328503	0.0272504	0.0211822	0.0278396	0.0334098	0.0329357	0.0297363	0.0212441	0.0269391	0.0328396	0.0270338	0.0277952	0.0339362	0.0277331	0.026819	0.00638889	0.0226451	0.0273375	0.0140996	0.0231227	0.0286245	0.026302	0.0282789	0.0165271	0.010192	0.0335405	0.0314674	0.0172599	0.0291608	0.0124795	0.0106502	0.0320311	0.0266824	0.0169823	0.0292168	0.00612176	0.0285423	0.0269219	0.0210113	0.0329571	0.0331825	0.0220552	0.0275302	0.0279823	0.0287071	0.0177954	0.0292824	0.0152404	0.0218499	0.0172715	0.0124982	0.0269993	0.0109528	0.0274775	0.0317837	0.0207807	0.0218288	0.0209977	0.0105176	0.0314978	0.0330964	0.0275918	0.0338699	0.0274951	0.0225724	0.0281077	0.0263356	0.0293763	0.0334098	0.0282879	0.0263945	0.0168676	0.0324062	0.0337267	0.0320414	0.0256718	0.0283513	0.0330749	0.0332797	0.0276624	0.0264704	0.0279912	0.0334533	0.0327227	0.0280808	0.028652	0.0212166	0.0276889	0.0152563	0.0211411	0.0165045	0.0328503	0.0329036	0.0223844	0.0288544	0.0334316	0.0225506	0.00440918	0.0276977	0.0256472	0.0265127	0.0275742	0.0205189	0.026344	0.0210659	0.0207605	0.0186875	0.0219418	0.0320621	0.0318453	0.0178073	0.0330964	0.0206193	0.0113974	0.0212923	0.0282518	0.0285149	0.0225289	0.0277509	0.0225434	0.0206059	0.0273812	0.0110751	0.0273987	0.0275654	0.0276447	0.0273026	0.0113707	0.0279376	0.0328823	0.0212372	0.016691	0.0276182	0.0287254	0.0228717	0.0253057
FH36.R1	0.0262768	0.0312752	0.0326274	0.00948303	0	0.0333447	0.0212441	0.0208077	0.0314369	0.0309346	0.026235	0.0172192	0.0314775	0.0277686	0.0295462	0.0213337	0.0257292	0.0309845	0.026235	0.0266909	0.0146885	0.0276447	0.017529	0.0266909	0.0336061	0.0316506	0.0262852	0.0212372	0.0277066	0.0337157	0.0314775	0.0290769	0.0211411	0.0259105	0.0316302	0.0269219	0.0268104	0.0319071	0.0273899	0.0267506	0.0106931	0.0213613	0.0262015	0.0138135	0.0220481	0.0281167	0.0261014	0.0283332	0.016623	0.00132973	0.0336718	0.0304217	0.0161693	0.0291421	0.0131555	0.00997914	0.0310044	0.0268618	0.0165383	0.0287071	0.0100373	0.027893	0.0273288	0.0209025	0.031245	0.0313964	0.0207268	0.026555	0.027893	0.0283694	0.0181675	0.0269563	0.0156214	0.0213544	0.0164539	0.0133742	0.0261514	0.0111497	0.0266824	0.03162	0.0214236	0.0215277	0.0215486	0.00999991	0.0308154	0.0317427	0.0275126	0.0341584	0.0259022	0.0213061	0.0274162	0.026708	0.0294612	0.033628	0.0276535	0.026235	0.0157082	0.031245	0.0340138	0.0297267	0.026235	0.0265296	0.0319071	0.0320414	0.0266909	0.026302	0.0277597	0.0337487	0.0314471	0.0278307	0.0265804	0.0218781	0.0270597	0.015828	0.0214236	0.0155943	0.0312551	0.0314775	0.0211617	0.0268618	0.0336828	0.0212097	0.0103732	0.0266824	0.0261764	0.0261597	0.0273462	0.0209909	0.0259519	0.021148	0.021389	0.0185579	0.0205657	0.0298031	0.0311847	0.0181313	0.0317324	0.0207605	0.0113573	0.0213475	0.0276535	0.0267506	0.0213682	0.0267933	0.0213268	0.0212028	0.0273899	0.0107103	0.0268275	0.0260431	0.0269993	0.0274687	0.0110619	0.0282157	0.0315487	0.0208619	0.0160311	0.0264788	0.0267677	0.0217655	0.0262517
AVC19.R1	0.0322285	0.0166513	0.0168162	0.0331072	0.0333447	0	0.0335842	0.0339473	0.0155188	0.0141908	0.032218	0.0337817	0.015235	0.0275742	0.0288175	0.0326591	0.0267165	0.0178133	0.0321556	0.0281347	0.0319174	0.0269821	0.0346306	0.028306	0.000574504	0.017653	0.0278307	0.0335624	0.0321348	0.000648715	0.0155242	0.0290489	0.033617	0.0266654	0.0156539	0.0312651	0.0265465	0.0170283	0.0324798	0.0311646	0.0335187	0.0337927	0.0269391	0.0311746	0.0342365	0.0278041	0.0314572	0.0337817	0.0321556	0.0339583	0.0006388	0.0165045	0.0339362	0.0274687	0.033399	0.0337267	0.0141857	0.0326274	0.0343261	0.030756	0.0324903	0.0278218	0.0272678	0.0338368	0.0179328	0.0158992	0.0335296	0.0279465	0.0263104	0.0284785	0.0343261	0.0286795	0.0332797	0.0349382	0.0336718	0.0328396	0.0330642	0.0327758	0.0267421	0.01177	0.0329677	0.0335733	0.0330857	0.0320829	0.0163084	0.0157626	0.0320829	0.00109361	0.0269477	0.0335842	0.027355	0.0328396	0.028588	0.000574504	0.027355	0.0316098	0.033628	0.0158718	0.00100973	0.0140845	0.0321764	0.0278841	0.0159595	0.0156268	0.0273899	0.03162	0.0272591	0.00097428	0.0174116	0.0278841	0.0279198	0.0334642	0.0269477	0.0329785	0.0331718	0.0333664	0.0181675	0.0154542	0.0333773	0.02746	0.000733234	0.0335952	0.0340915	0.026344	0.0321348	0.032829	0.0269477	0.0327758	0.032829	0.0317837	0.032861	0.0353652	0.0334207	0.0141401	0.0166967	0.0354467	0.0156973	0.0335952	0.0337157	0.0337597	0.027583	0.0272852	0.0335624	0.0274337	0.0335296	0.0327971	0.0268532	0.0320725	0.0266314	0.0271376	0.0271202	0.026819	0.0318865	0.0275654	0.0174292	0.0342589	0.033486	0.0272243	0.0274687	0.0339362	0.0309645
AVC197.R1	0.0262099	0.0298222	0.0318145	0.0224565	0.0212441	0.0335842	0	0.00762562	0.0323853	0.0323643	0.0262852	0.0205925	0.032312	0.0286429	0.0297267	0.00765142	0.0273201	0.0308253	0.0263608	0.0268704	0.0209841	0.0278041	0.023519	0.0271462	0.0336828	0.0320933	0.0275918	0.00689587	0.0276712	0.0335296	0.0323538	0.0292918	0.00782552	0.0273113	0.0324167	0.026572	0.0284239	0.0311646	0.0268704	0.0264704	0.0221122	0.000961637	0.0262433	0.0214167	0.00132714	0.0275742	0.0262601	0.0266399	0.0218923	0.0218499	0.0338809	0.0314877	0.0226014	0.028652	0.0208483	0.0217163	0.0323643	0.0267848	0.0229895	0.0290862	0.0233687	0.0278663	0.02948	0.006974	0.0309546	0.0327864	0.00125493	0.027742	0.0282247	0.028753	0.0240828	0.0274863	0.0220552	0.00814444	0.0205858	0.0230043	0.025927	0.022406	0.0279733	0.0329785	0.00759618	0.00753744	0.00781436	0.0229158	0.0318145	0.0326697	0.0273724	0.0325008	0.0266314	0.000685948	0.0270079	0.0264282	0.0295557	0.0335187	0.0272678	0.0262099	0.0224421	0.0317837	0.0336937	0.0327227	0.0262852	0.0266824	0.0326063	0.032829	0.0281077	0.0262936	0.0284603	0.033628	0.0320725	0.028753	0.0264113	0.00794123	0.0266229	0.0214791	0.00704531	0.0224999	0.03162	0.0324167	0.00058191	0.0269133	0.033617	0.000748195	0.0222622	0.0282157	0.0262685	0.0250564	0.0278307	0.00746792	0.0253785	0.00708822	0.00772901	0.0250564	0.00116255	0.032829	0.0303826	0.0242142	0.0326697	0.00776978	0.0199123	0.00701675	0.0271896	0.0268275	0.000760673	0.0281527	0.000758176	0.00753011	0.0286979	0.0231598	0.0266824	0.0266654	0.0271029	0.0283876	0.0211069	0.0283151	0.032218	0.00816716	0.0225289	0.0278041	0.0282879	0.00113187	0.0263104
AVC234.R1	0.0257292	0.0315996	0.0330213	0.0212716	0.0208077	0.0339473	0.00762562	0	0.0319174	0.0321868	0.025894	0.0214513	0.0319587	0.0289006	0.0296411	0.00705245	0.0272591	0.0306868	0.025795	0.0271896	0.0200036	0.0290118	0.0224927	0.0272939	0.0341695	0.0313357	0.0272678	0.00334352	0.0271983	0.0341249	0.0318659	0.0295841	0.0031639	0.0272765	0.0319277	0.0261597	0.028306	0.0317017	0.0271896	0.0261264	0.020828	0.00773642	0.0277775	0.0216323	0.00822405	0.0276535	0.0254922	0.0276182	0.0214721	0.0215556	0.0342701	0.0310344	0.0217585	0.0290396	0.0213199	0.021864	0.0322076	0.0265381	0.0216254	0.0284876	0.022334	0.0278396	0.0286887	0.0064096	0.0309147	0.0322076	0.00689587	0.0264788	0.0283422	0.0289191	0.0231301	0.0277066	0.0208619	0.00383979	0.0209025	0.0226742	0.0253704	0.0221335	0.0269477	0.0327121	0.00696688	0.0041359	0.00703102	0.0225651	0.0314268	0.0320829	0.0270511	0.0347214	0.0278041	0.00771051	0.0267677	0.0264282	0.0294423	0.0337927	0.0270683	0.0255737	0.0211617	0.0320725	0.0344836	0.0325324	0.0257539	0.0269735	0.032114	0.0326909	0.0275302	0.0255982	0.0282067	0.0341807	0.0311947	0.0282699	0.0271549	0.00732238	0.0264198	0.0201742	0.00666691	0.0210181	0.0312954	0.0318968	0.00755945	0.0273987	0.0341361	0.00750814	0.0214167	0.0281437	0.0257128	0.0253704	0.02768	0.00681806	0.0252009	0.00687108	0.00706318	0.0234062	0.00699893	0.0326063	0.0307066	0.0231005	0.0320311	0.0027735	0.0219842	0.00348388	0.027077	0.0277775	0.00774012	0.027583	0.0076109	0.00685693	0.0284148	0.0229822	0.026344	0.0277863	0.0270079	0.028524	0.0203791	0.0291328	0.0313863	0.00335809	0.0206327	0.0277066	0.0278307	0.00792626	0.026555
FH102.R1	0.0303533	0.00680042	0.0122604	0.0328823	0.0314369	0.0155188	0.0323853	0.0319174	0	0.0122604	0.0307263	0.0326274	0.00109615	0.0281167	0.0264029	0.0322076	0.0236777	0.00627541	0.0305294	0.0248969	0.0315283	0.0231896	0.0339916	0.02477	0.015828	0.00621379	0.0247225	0.0320518	0.0322702	0.0158718	0.000310145	0.0272156	0.0316608	0.0236702	0.00113187	0.0315792	0.0235265	0.00575813	0.0313661	0.0314268	0.0330427	0.0324798	0.0234889	0.0307461	0.0327652	0.0252815	0.0307956	0.0319277	0.0324587	0.0320621	0.0158335	0.00584837	0.032638	0.0258032	0.0331502	0.0331395	0.0122836	0.0309048	0.0337047	0.0293105	0.0326591	0.0248889	0.0250805	0.0322285	0.00640615	0.000921245	0.0314775	0.0248175	0.0246673	0.0257703	0.0348353	0.0253866	0.0331933	0.0324377	0.0322806	0.0332149	0.0305098	0.0336718	0.0237613	0.0162026	0.0325008	0.0327864	0.0326274	0.0322806	0.00612856	0.000815691	0.0325008	0.0163531	0.0237081	0.0324272	0.0244397	0.0314369	0.026118	0.0158335	0.0246673	0.0308948	0.0320311	0.0140895	0.0161471	0.011639	0.0303631	0.0246279	0.000885984	0.0111673	0.0242529	0.0309048	0.0247225	0.01602	0.00596938	0.0245258	0.0247462	0.0329677	0.0240828	0.0327439	0.0320311	0.0321764	0.00663542	0.000395341	0.0322911	0.0248016	0.0158882	0.0320207	0.0327333	0.0235416	0.0305098	0.0305687	0.024284	0.032312	0.0305	0.0309446	0.0323434	0.0343598	0.031794	0.0116931	0.00670195	0.0347442	0.000715796	0.031569	0.0334969	0.0322389	0.0247621	0.0239752	0.0324377	0.0243461	0.0324377	0.0323224	0.0243773	0.0326063	0.0238986	0.0238451	0.0240983	0.0244632	0.0312349	0.0249845	0.00589198	0.0323853	0.0333339	0.0240674	0.024052	0.0327864	0.031356
FH177.R1	0.0302463	0.0134427	0.0121494	0.032	0.0309346	0.0141908	0.0323643	0.0321868	0.0122604	0	0.0301881	0.0329892	0.0120298	0.0268704	0.0270683	0.0319587	0.0242219	0.014029	0.030256	0.0250805	0.030677	0.0252573	0.0333773	0.0254596	0.0144871	0.0136051	0.0257456	0.032829	0.0322598	0.0145437	0.0122233	0.0265042	0.0318865	0.0242762	0.0123627	0.0313762	0.0244866	0.0134427	0.0314877	0.0311445	0.0335514	0.0325324	0.0243695	0.03162	0.0330427	0.0260514	0.0305982	0.0326697	0.0315996	0.0315487	0.0144871	0.0125405	0.0328503	0.0261681	0.0322598	0.0326909	0.000150712	0.0315385	0.0335952	0.0286337	0.0320104	0.0259022	0.0248175	0.0314877	0.0141604	0.0126725	0.0318865	0.0257785	0.0254434	0.0264535	0.0339251	0.0255573	0.0311947	0.0331718	0.0325113	0.0327758	0.0306967	0.0326909	0.0253461	0.0160366	0.0322285	0.033161	0.0323329	0.032218	0.0128481	0.0125405	0.0321764	0.0150496	0.0238604	0.0323434	0.0252331	0.0309944	0.0267933	0.0145076	0.025484	0.0304021	0.0321764	0.0129868	0.0149129	0.0104793	0.030256	0.0248731	0.0126819	0.0120436	0.0248175	0.0307659	0.0252976	0.0147926	0.0133791	0.0257292	0.0248889	0.0326591	0.0249208	0.0314978	0.031671	0.03162	0.0143998	0.0122465	0.0323434	0.0254678	0.0145643	0.0324062	0.0326274	0.0240906	0.0301784	0.0312249	0.0249925	0.0319897	0.0311245	0.0319174	0.0320414	0.0349039	0.0318556	0.0105645	0.0130638	0.034036	0.0124795	0.032166	0.0328077	0.0329999	0.0255003	0.024691	0.0324272	0.0248492	0.0323748	0.0320518	0.0247779	0.0324377	0.0247067	0.0236853	0.0248016	0.0248492	0.0300913	0.0255982	0.0131168	0.0327758	0.0327333	0.0237309	0.0250005	0.0327758	0.0304412
FH64.R1	0.000758176	0.0299565	0.0301687	0.0259022	0.026235	0.032218	0.0262852	0.025894	0.0307263	0.0301881	0	0.0283241	0.0305982	0.0247225	0.0269047	0.0251045	0.0244241	0.0305785	0.000480992	0.0253947	0.0260348	0.0242917	0.0283876	0.0256718	0.0323224	0.0297172	0.0241832	0.0261848	0.0219418	0.0323853	0.0306277	0.0272243	0.0259684	0.024471	0.030677	0.0208077	0.0246358	0.0305294	0.0147249	0.0207538	0.0280629	0.0263524	0.0244475	0.0262517	0.0268618	0.0266484	0.0199905	0.00806139	0.026118	0.0268961	0.0324587	0.0294423	0.0267165	0.0263777	0.0262936	0.0265974	0.0302366	0.0196919	0.0274074	0.0268532	0.0266144	0.0263188	0.0245023	0.0255329	0.0307461	0.0310744	0.0257539	0.0239906	0.0250724	0.0264535	0.0288175	0.0260597	0.0253947	0.0265296	0.0278485	0.0260348	0.00335226	0.0279644	0.0254515	0.0312954	0.0253461	0.0264958	0.025419	0.0271896	0.0295179	0.0308849	0.0215835	0.032861	0.0246831	0.0263272	0.0259353	0.0203924	0.0265211	0.0322911	0.0260681	0.020115	0.0261931	0.030549	0.0326486	0.0307165	0.000700865	0.0251526	0.0309944	0.0309247	0.0237537	0.020161	0.0251286	0.0324377	0.0296031	0.02568	0.0253057	0.0257128	0.0255084	0.0244397	0.0256309	0.0266824	0.0307066	0.0307066	0.0262099	0.0256227	0.0323748	0.0263272	0.026462	0.024471	0.000621465	0.0177597	0.0246043	0.0251848	0.0179988	0.0261764	0.0253704	0.0284694	0.0252573	0.0308253	0.0289561	0.0289191	0.0308849	0.0257703	0.0269219	0.0262601	0.0260265	0.0249447	0.0262601	0.0237613	0.0263608	0.0249128	0.0243228	0.0274249	0.0252653	0.0247225	0.025484	0.0244475	0.0248492	0.0249526	0.0296411	0.0260182	0.0258362	0.0244007	0.0250484	0.0265804	0.0183986
AVC211.R1	0.0282608	0.0324798	0.0322911	0.0178193	0.0172192	0.0337817	0.0205925	0.0214513	0.0326274	0.0329892	0.0283241	0	0.0329036	0.0296411	0.0300913	0.0221978	0.0292824	0.0311646	0.0283332	0.0282608	0.00488582	0.0282337	0.0172018	0.0285423	0.0339916	0.0337157	0.0290025	0.0216883	0.0287622	0.034036	0.0326591	0.0303144	0.0218711	0.0292355	0.032893	0.0277331	0.0291608	0.0323958	0.0269649	0.0268961	0.018077	0.020801	0.0281437	0.0179448	0.0213406	0.0293669	0.0272156	0.0277863	0.0130638	0.0179747	0.0341918	0.0325535	0.0140341	0.0294234	0.0177063	0.0182099	0.0329999	0.0272069	0.014777	0.0291141	0.018216	0.0292075	0.0298605	0.0216953	0.031712	0.0329892	0.0206193	0.0294329	0.0288544	0.0290304	0.0177597	0.0287714	0.0125875	0.0212578	0.0011038	0.0181011	0.0283422	0.0182645	0.0285058	0.0335842	0.0223197	0.0209297	0.0224421	0.0179029	0.0325957	0.0328823	0.0285514	0.0340138	0.0279287	0.0207066	0.0286795	0.0275918	0.0292449	0.0339141	0.0287714	0.027233	0.0140441	0.0326591	0.0342365	0.032114	0.0283422	0.0281347	0.0329357	0.0335842	0.0297744	0.0272939	0.0287622	0.0339805	0.0335514	0.0287346	0.0275038	0.0227911	0.028297	0.0129629	0.0210659	0.0138485	0.032166	0.0325851	0.0206059	0.0283241	0.0339694	0.020673	0.0176175	0.0290025	0.0283241	0.025721	0.0283151	0.0221907	0.0262517	0.0209365	0.0223556	0.0158663	0.0205724	0.0321556	0.0322076	0.017861	0.032829	0.0216184	0.0171554	0.0218288	0.028799	0.0277509	0.0207066	0.029784	0.0207605	0.0222551	0.0293012	0.0184291	0.0281977	0.0279376	0.0285697	0.0293105	0.0165778	0.0299565	0.0338037	0.0221193	0.0138685	0.0298318	0.0283604	0.0211548	0.0279465
FH92.R1	0.0303631	0.00653086	0.0120436	0.032638	0.0314775	0.015235	0.032312	0.0319587	0.00109615	0.0120298	0.0305982	0.0329036	0	0.0280629	0.0263524	0.0320311	0.0237005	0.00617965	0.0302657	0.0249447	0.0315894	0.0236323	0.0336828	0.0250564	0.0155511	0.00594242	0.0245337	0.0319897	0.0323434	0.0156376	0.001114	0.0271116	0.0315792	0.0236399	0.000476086	0.0315792	0.0236702	0.00546379	0.0312551	0.0314065	0.0331825	0.0323748	0.023056	0.0309346	0.032925	0.0253299	0.0307659	0.0317324	0.0324062	0.0320725	0.0155781	0.00551307	0.0328503	0.025894	0.0329571	0.0329892	0.0120344	0.0308948	0.0340804	0.0296126	0.0323329	0.0248731	0.0248969	0.0321764	0.00623773	0.00084327	0.0315487	0.0246358	0.0245023	0.0261597	0.0344611	0.0254596	0.0330106	0.0327015	0.0326168	0.0330213	0.0304412	0.0332257	0.0236323	0.0161527	0.0323538	0.0326486	0.0324903	0.0320311	0.00579818	0.00058191	0.0324798	0.0160807	0.0235567	0.032312	0.024518	0.0311245	0.0260016	0.0155619	0.0247146	0.0308948	0.0324377	0.0138735	0.0159321	0.0113707	0.0303241	0.0247383	0.000855821	0.0109267	0.0241755	0.0308849	0.0246437	0.0158007	0.00571152	0.0246594	0.0248175	0.0328077	0.0241446	0.0324798	0.0319174	0.0320829	0.00656217	0.00095153	0.0321764	0.0250805	0.0156376	0.0320414	0.0331502	0.0234889	0.0302366	0.0310244	0.0241755	0.0321764	0.0309546	0.0307461	0.032218	0.0347555	0.0317427	0.0114241	0.00642342	0.0345287	0.00052276	0.0314775	0.0332257	0.0322076	0.0248096	0.0243073	0.0323015	0.0242142	0.0322911	0.0321764	0.0242297	0.0323224	0.0239445	0.0237613	0.0240983	0.0243539	0.0310044	0.0248889	0.00563188	0.0323329	0.0331395	0.0239522	0.024315	0.0327333	0.0310544
FH201.R1	0.0246043	0.0268618	0.0285514	0.0273201	0.0277686	0.0275742	0.0286429	0.0289006	0.0281167	0.0268704	0.0247225	0.0296411	0.0280629	0	0.0280002	0.027355	0.0250245	0.0278307	0.0244554	0.0265042	0.0274512	0.0269993	0.0298222	0.0268019	0.0278574	0.0282608	0.0256882	0.0285788	0.0255329	0.0279376	0.0281527	0.0267506	0.0287714	0.0250564	0.0281887	0.0247146	0.025795	0.0291048	0.0245337	0.0245023	0.0276889	0.0289654	0.0253218	0.0289469	0.0292168	0.02746	0.0248096	0.0264366	0.026555	0.0286337	0.0280539	0.0264198	0.0295841	0.0264958	0.0283513	0.0283694	0.0268961	0.0246358	0.0297458	0.0158663	0.0271029	0.0272852	0.0245729	0.0288728	0.0279644	0.0286062	0.0286429	0.025894	0.0252492	0.0271896	0.0293012	0.0271983	0.0273899	0.0296031	0.0293481	0.027539	0.0257374	0.0283151	0.026093	0.0278218	0.0276447	0.0284421	0.0278752	0.0275566	0.026462	0.0285149	0.0255166	0.028297	0.0251286	0.0287162	0.026708	0.0248016	0.0278485	0.0278396	0.0269907	0.0249049	0.0292636	0.0267848	0.0282247	0.0267848	0.024518	0.0263104	0.0286612	0.0288913	0.0256063	0.0249367	0.0262852	0.0280002	0.0281077	0.0267506	0.0263272	0.028036	0.0263608	0.027813	0.0284876	0.0288636	0.0281167	0.0281257	0.0285514	0.0259105	0.0279376	0.0286704	0.028027	0.0255818	0.0244397	0.0253704	0.0260099	0.0274074	0.0254434	0.0283876	0.0274863	0.0303144	0.0285514	0.0268275	0.0269735	0.0303924	0.0284512	0.0284057	0.027813	0.0287254	0.0270252	0.0262768	0.0286429	0.0256227	0.0287898	0.0274249	0.0253461	0.0278396	0.0261931	0.0251848	0.0265296	0.0253057	0.027583	0.0254515	0.0281437	0.0291701	0.0278485	0.0256554	0.0264451	0.0290304	0.0225942
AVC220.R1	0.0269305	0.025985	0.0265381	0.0298222	0.0295462	0.0288175	0.0297267	0.0296411	0.0264029	0.0270683	0.0269047	0.0300913	0.0263524	0.0280002	0	0.0289747	0.00739501	0.0264113	0.0270079	0.00872425	0.0295747	0.00832689	0.0310944	0.00874374	0.0288636	0.025541	0.00707748	0.0300046	0.0276359	0.0288728	0.0264282	0.0166797	0.0293952	0.00738046	0.0265127	0.0272243	0.00701319	0.0262015	0.0273899	0.0269649	0.0286704	0.0298222	0.00754111	0.028524	0.0300334	0.0083766	0.0268275	0.0281707	0.0304412	0.0302366	0.0290025	0.0253866	0.0305098	0.00476547	0.0299565	0.0286704	0.0271376	0.0271202	0.0314471	0.0282608	0.0292824	0.00801248	0.00827731	0.0284603	0.0266569	0.0266229	0.0286704	0.00750814	0.00388178	0.00767725	0.0317837	0.00894371	0.0298988	0.0290862	0.0297458	0.0299661	0.0270166	0.0306179	0.00759251	0.0275478	0.0300142	0.0296506	0.0299468	0.0304902	0.0253461	0.0266654	0.0274512	0.0293012	0.00770681	0.0299661	0.00752278	0.0271635	0.00410545	0.0286887	0.00757413	0.026725	0.0299853	0.0266569	0.0288821	0.0259684	0.0269649	0.00853806	0.026572	0.0262852	0.0073514	0.0267762	0.00297472	0.0288083	0.0253704	0.00410241	0.00867753	0.0303046	0.00751546	0.0302657	0.0288451	0.03013	0.0261514	0.0264366	0.0298318	0.00899897	0.0288636	0.0297744	0.0295841	0.0069918	0.0269563	0.0263188	0.00314949	0.0300431	0.0262015	0.0298605	0.0300046	0.0316915	0.0294046	0.0259684	0.025721	0.0310744	0.0266399	0.0293293	0.0288728	0.0300046	0.00753377	0.00812554	0.0298509	0.00722837	0.0298031	0.0301493	0.00416945	0.0305196	0.00750814	0.00775866	0.0070918	0.00414809	0.0293857	0.0066005	0.0259188	0.0286154	0.0309147	0.00713841	0.00818231	0.0300142	0.0256227
AVC64.R1	0.0248572	0.0300624	0.0311847	0.0206797	0.0213337	0.0326591	0.00765142	0.00705245	0.0322076	0.0319587	0.0251045	0.0221978	0.0320311	0.027355	0.0289747	0	0.0260265	0.0310544	0.0249367	0.028036	0.0201807	0.0289006	0.0224204	0.0282789	0.0326803	0.0314268	0.0272156	0.0073841	0.0268618	0.0327546	0.0322285	0.0295652	0.00707748	0.0260182	0.0323434	0.0260431	0.0272156	0.0325324	0.0267933	0.0254353	0.0219135	0.0079113	0.0268361	0.0212441	0.00831162	0.0288175	0.0254272	0.0274512	0.0209705	0.0220197	0.032893	0.0304706	0.022334	0.0292168	0.0207605	0.0211343	0.0319587	0.0266229	0.0217795	0.0293293	0.0217234	0.0288544	0.0262099	0.00642687	0.0311545	0.0325746	0.00694555	0.0272765	0.0283151	0.0293575	0.0230486	0.0286612	0.0202929	0.00787023	0.0217163	0.0214167	0.0256309	0.0228204	0.0281347	0.0321244	0.00137114	0.00802752	0.00152999	0.0219984	0.0300913	0.0324062	0.0268532	0.0331933	0.0269563	0.00773272	0.028036	0.0251687	0.0297554	0.0325008	0.0285788	0.0254028	0.0216813	0.0312651	0.032861	0.0318351	0.0249287	0.0278841	0.0323329	0.0314572	0.0274337	0.0254596	0.0285423	0.032564	0.0314065	0.0287254	0.0280181	0.00173006	0.027742	0.0202467	0.0063441	0.0214374	0.0312752	0.0321868	0.00758148	0.0282608	0.0326697	0.00768833	0.0207133	0.027077	0.0248731	0.0258115	0.0278752	0.00122151	0.0255818	0.00649613	0.00119842	0.0232641	0.00730426	0.0319381	0.030072	0.0230486	0.0324062	0.00717075	0.0211206	0.00750814	0.0285423	0.0276712	0.00754477	0.0274863	0.00773642	0.00126008	0.0269219	0.0218147	0.0277243	0.0269477	0.0279287	0.0268275	0.0202467	0.0279644	0.0317427	0.00752278	0.0215695	0.0268019	0.0279198	0.00808778	0.0251526
FH20.R1	0.0242684	0.0228938	0.0244085	0.0269391	0.0257292	0.0267165	0.0273201	0.0272591	0.0236777	0.0242219	0.0244241	0.0292824	0.0237005	0.0250245	0.00739501	0.0260265	0	0.0237233	0.0242297	0.00553611	0.027355	0.00511931	0.0297649	0.00557898	0.0269821	0.0239063	0.00406595	0.0272243	0.0259022	0.0270511	0.0236474	0.0146678	0.0270079	0.000353903	0.0239675	0.0250484	0.00431044	0.0249049	0.0251687	0.0247146	0.0283332	0.027355	0.00463024	0.0280002	0.0281257	0.00671248	0.0241523	0.0267335	0.0276889	0.0264958	0.0270683	0.0223772	0.0275918	0.00674761	0.0279555	0.0279733	0.024284	0.023891	0.0287071	0.025795	0.0278218	0.00642687	0.00518381	0.0266569	0.0237917	0.0239829	0.0267591	0.00396005	0.0055394	0.00561533	0.0303533	0.0059155	0.0277243	0.0273462	0.0285149	0.0281257	0.0239369	0.0290118	0.00477494	0.0252331	0.0262433	0.0277509	0.0264198	0.0284421	0.0224638	0.0239982	0.0258774	0.0275654	0.0030061	0.0274512	0.00603695	0.0248413	0.00699893	0.0269907	0.00617965	0.0242607	0.0273026	0.0242995	0.0274249	0.023891	0.0242142	0.00526151	0.0241523	0.0241909	0.00385777	0.0242607	0.00556248	0.0270856	0.0236929	0.00559219	0.00536889	0.0268019	0.00561864	0.02746	0.0263524	0.0271635	0.0240136	0.023655	0.0272417	0.00568493	0.0270338	0.0271029	0.0271809	0.00409025	0.0241446	0.0246122	0.00502619	0.025795	0.0243695	0.0276094	0.0261597	0.03013	0.0265804	0.0239522	0.0233912	0.0304217	0.0239599	0.0266229	0.0271896	0.0274249	0.00620696	0.00564844	0.0273724	0.00393894	0.0273899	0.0259767	0.00481288	0.0286704	0.00543429	0.00313222	0.00559219	0.0050326	0.0267762	0.00552952	0.0236929	0.0271809	0.0281707	0.00347801	0.00527774	0.0278307	0.0231747
AVC103.R1	0.0305	0.00601665	0.0138535	0.0327864	0.0309845	0.0178133	0.0308253	0.0306868	0.00627541	0.014029	0.0305785	0.0311646	0.00617965	0.0278307	0.0264113	0.0310544	0.0237233	0	0.0306179	0.0243773	0.0315894	0.0252653	0.034203	0.0245101	0.0179627	0.00467102	0.024315	0.0305	0.0313257	0.0179508	0.00624115	0.0268961	0.0307165	0.0237765	0.00636476	0.0307362	0.0250404	0.00502299	0.0304804	0.0305785	0.031969	0.0310644	0.0239445	0.0307165	0.031356	0.0255737	0.0305098	0.0300527	0.0320311	0.0316098	0.0180168	0.00569822	0.0318248	0.025721	0.0314775	0.0322076	0.0140694	0.0307165	0.0333773	0.0291514	0.0330749	0.0254678	0.0248969	0.031508	0.00141526	0.00651349	0.0310044	0.024315	0.0244632	0.0253299	0.0345062	0.0250005	0.0327864	0.0312048	0.0318453	0.0330857	0.0306573	0.0336389	0.0243929	0.0173648	0.031245	0.031508	0.0312853	0.0326486	0.00600651	0.00641651	0.0315996	0.0180649	0.0236777	0.0310144	0.0248413	0.0317222	0.0261097	0.0176707	0.0252089	0.0304706	0.0325113	0.015465	0.0182342	0.0136348	0.030608	0.0242064	0.00653086	0.0135508	0.0248254	0.0305294	0.0249049	0.0180649	0.00444015	0.0248651	0.0234889	0.0316098	0.024518	0.0317837	0.0322806	0.0322389	0.00189507	0.00624115	0.0309147	0.0244241	0.0179029	0.0307362	0.0328716	0.0249686	0.0305883	0.0299565	0.0243539	0.0311345	0.0310044	0.0307362	0.0311345	0.0337267	0.0312853	0.0137041	0.00539175	0.0347555	0.0063751	0.0306179	0.0325535	0.0305883	0.0251446	0.0240828	0.0309645	0.0248413	0.0309247	0.0312651	0.0239292	0.0327546	0.0243539	0.0236626	0.0246358	0.0239216	0.031245	0.024315	0.00449292	0.0316404	0.0325851	0.0243617	0.0242762	0.0312551	0.0307263
FH74.R1	0.000422211	0.0298127	0.0303631	0.0256882	0.026235	0.0321556	0.0263608	0.025795	0.0305294	0.030256	0.000480992	0.0283332	0.0302657	0.0244554	0.0270079	0.0249367	0.0242297	0.0306179	0	0.0254922	0.0261931	0.0243306	0.028036	0.0257785	0.0323958	0.0298127	0.0238451	0.026118	0.0217936	0.0324903	0.0304902	0.0270424	0.025894	0.0242219	0.0303046	0.020673	0.0243695	0.0305785	0.0145128	0.0206595	0.0278841	0.0264198	0.0242529	0.0263524	0.0269735	0.026725	0.0197824	0.00795621	0.0258774	0.0269133	0.0325113	0.0290489	0.026725	0.0264704	0.0260431	0.0264366	0.0302852	0.0195696	0.0275126	0.0266824	0.0262601	0.0262015	0.0244632	0.0254596	0.0307263	0.030756	0.0257785	0.0240906	0.0251125	0.026555	0.0284512	0.0261347	0.025484	0.0263777	0.0278574	0.0259105	0.00324189	0.027813	0.0254596	0.0313661	0.025225	0.0263272	0.0253785	0.0272156	0.0291608	0.030549	0.0214444	0.0329464	0.0244085	0.0263692	0.0260016	0.0202269	0.0265974	0.0323958	0.0260597	0.0199318	0.0262685	0.0302852	0.0327971	0.0306671	0.000346602	0.0252411	0.0307659	0.0310144	0.0235567	0.0199449	0.0252089	0.0325219	0.0296411	0.0254109	0.0254028	0.0256882	0.0256063	0.0243228	0.0255084	0.0264704	0.0307362	0.0304608	0.0262015	0.0256718	0.0324798	0.0263356	0.0262266	0.0241677	0.000208504	0.0180589	0.02477	0.0249606	0.0179208	0.0262099	0.0252089	0.0285332	0.0255818	0.0307362	0.0287254	0.0287254	0.0305	0.02568	0.0267762	0.0262685	0.026093	0.0251205	0.0263272	0.0235416	0.0263524	0.0249925	0.0244007	0.0274863	0.0252815	0.0245572	0.0255573	0.0245965	0.0249049	0.0254434	0.0296601	0.0258362	0.0263356	0.02416	0.0251286	0.0266569	0.018423
FH171.R1	0.0254353	0.0249447	0.0245572	0.0286154	0.0266909	0.0281347	0.0268704	0.0271896	0.0248969	0.0250805	0.0253947	0.0282608	0.0249447	0.0265042	0.00872425	0.028036	0.00553611	0.0243773	0.0254922	0	0.0279555	0.00653781	0.030608	0.00127553	0.028297	0.0254028	0.00606066	0.0278485	0.0257703	0.0282428	0.024881	0.0152457	0.027583	0.00557238	0.0249128	0.0256227	0.00545067	0.024315	0.0258362	0.0253542	0.0285149	0.0269133	0.00504542	0.0287714	0.0274687	0.00721395	0.0248969	0.026725	0.0286062	0.0272243	0.0282879	0.0242684	0.0289283	0.00806139	0.0292355	0.028799	0.0251045	0.0253785	0.0295747	0.0261514	0.0287898	0.00697756	0.0072717	0.0269305	0.0243851	0.0250965	0.0262768	0.00600651	0.00703102	0.00723919	0.0309645	0.00117023	0.0285149	0.0274951	0.0277597	0.0291234	0.0243306	0.0288267	0.00601665	0.0260597	0.0281797	0.0270424	0.028306	0.0288175	0.0245807	0.0251767	0.0262852	0.0286795	0.00442466	0.0269821	0.00643033	0.0262182	0.00843411	0.0282789	0.00661446	0.0246515	0.0283876	0.0253704	0.0285423	0.0249845	0.0254515	0.000673527	0.0252089	0.025484	0.00604372	0.0250324	0.00690296	0.0284057	0.0251205	0.0071133	0.00138929	0.0285332	0.00603695	0.0277509	0.0277775	0.0286429	0.024881	0.0249208	0.0269133	0.00117023	0.028306	0.0268961	0.0283604	0.00514508	0.0254353	0.0244085	0.00654825	0.0280091	0.0242142	0.0271202	0.0281527	0.0310544	0.0263104	0.0250564	0.024691	0.0309645	0.0251366	0.027539	0.0256145	0.0279912	0.00661097	0.00289224	0.0269735	0.00610137	0.0267506	0.0280808	0.00649613	0.0291421	0.00585172	0.00430736	0.00591214	0.00670546	0.0278485	0.00741685	0.0249367	0.0268019	0.0281167	0.00552623	0.00391786	0.0266569	0.0245965
AVC226.R1	0.0258197	0.0312148	0.0317529	0.0158062	0.0146885	0.0319174	0.0209841	0.0200036	0.0315283	0.030677	0.0260348	0.00488582	0.0315894	0.0274512	0.0295747	0.0201807	0.027355	0.0315894	0.0261931	0.0279555	0	0.0289839	0.0150549	0.0277243	0.0321452	0.0318145	0.028036	0.0209501	0.0271722	0.0320621	0.0313863	0.0284512	0.0206663	0.027355	0.0317324	0.0260764	0.0274162	0.0322806	0.0269649	0.0258362	0.0163922	0.0212647	0.0275038	0.0165835	0.0217725	0.0283967	0.025419	0.0289561	0.0111145	0.0153577	0.032166	0.0307758	0.0126677	0.0287346	0.0162471	0.016125	0.0307263	0.0271116	0.0125922	0.0290489	0.0158992	0.0285514	0.0275742	0.0202929	0.0318453	0.0320518	0.0206327	0.0281527	0.0280987	0.029414	0.0157136	0.0285971	0.0104155	0.0214097	0.00432275	0.0160752	0.0269133	0.0167137	0.0275742	0.0313257	0.0203194	0.0209773	0.0204789	0.0160476	0.0308452	0.0318556	0.0270683	0.0325113	0.0271809	0.0211069	0.0274687	0.0256309	0.0294989	0.0320207	0.02768	0.0254678	0.0119383	0.0302366	0.0322911	0.0299853	0.0259767	0.0277686	0.0319277	0.0318042	0.027742	0.0255655	0.0279019	0.032114	0.0317427	0.0287254	0.0278041	0.020774	0.0270166	0.0106974	0.0203725	0.0117293	0.0319174	0.0316506	0.0210249	0.0278396	0.0321556	0.0211685	0.0157136	0.0275654	0.0261514	0.0263272	0.0275302	0.0202071	0.0262266	0.0203592	0.0203393	0.0139285	0.0205925	0.030101	0.0308154	0.0157408	0.0318453	0.0205657	0.0167081	0.0211411	0.0276271	0.0278218	0.0210454	0.0277775	0.0211685	0.0203062	0.0277686	0.0165271	0.0268961	0.0271202	0.027583	0.0277775	0.0141553	0.0285788	0.0319484	0.0208754	0.0121171	0.0279823	0.0281077	0.0214652	0.0256145
FH71.R1	0.0243228	0.0251045	0.0246201	0.0286154	0.0276447	0.0269821	0.0278041	0.0290118	0.0231896	0.0252573	0.0242917	0.0282337	0.0236323	0.0269993	0.00832689	0.0289006	0.00511931	0.0252653	0.0243306	0.00653781	0.0289839	0	0.0311847	0.00663542	0.0271722	0.0256227	0.00531024	0.0293952	0.0273462	0.0272417	0.0232119	0.0161194	0.0291701	0.00506145	0.0239982	0.0264113	0.00531349	0.0235341	0.0262936	0.0261347	0.0291701	0.028027	0.0051	0.0281527	0.0285514	0.00798245	0.0255492	0.0273375	0.0294706	0.0284239	0.0272678	0.0242762	0.029414	0.00769202	0.0299468	0.029784	0.0252976	0.0253866	0.030677	0.0271202	0.0278841	0.00751912	0.00711689	0.0291514	0.0254678	0.0235945	0.0273462	0.00528748	0.00657958	0.00690296	0.0317427	0.0069491	0.0294895	0.0289654	0.0282428	0.0298701	0.0243073	0.0302657	0.00453962	0.0264535	0.0289839	0.0285788	0.0291234	0.0287898	0.0245415	0.0235416	0.0272156	0.0276447	0.00489536	0.0279109	0.00716715	0.0265042	0.00787396	0.0271896	0.00728255	0.0256554	0.0289469	0.0250885	0.0275038	0.0241446	0.0243539	0.00627541	0.0236626	0.0238299	0.00475285	0.0256964	0.00655521	0.0273113	0.0254109	0.00637855	0.00649266	0.0294329	0.00674409	0.0291421	0.0285423	0.0290955	0.0255492	0.023197	0.0277066	0.00670546	0.027233	0.0278041	0.028036	0.00516766	0.0242762	0.024881	0.00598625	0.0288451	0.0251767	0.0263777	0.0290211	0.0317017	0.0269993	0.0242374	0.0249526	0.0317529	0.0234588	0.0287346	0.027583	0.0295652	0.00732238	0.00586513	0.0278574	0.00480655	0.027813	0.0286429	0.00596263	0.0291888	0.0065761	0.00502619	0.0067195	0.00622405	0.0279465	0.00644763	0.0254028	0.0292543	0.0296506	0.00532977	0.00661796	0.0282699	0.0249686
FH9.R1	0.0281437	0.0337377	0.0346873	0.0172192	0.017529	0.0346306	0.023519	0.0224927	0.0339916	0.0333773	0.0283876	0.0172018	0.0336828	0.0298222	0.0310944	0.0224204	0.0297649	0.034203	0.028036	0.030608	0.0150549	0.0311847	0	0.0309048	0.03503	0.03471	0.0298605	0.0226524	0.0296411	0.035076	0.0340471	0.0300527	0.0222479	0.0297649	0.033903	0.0288451	0.0300527	0.0352492	0.0288636	0.0287806	0.0183254	0.0237233	0.0301107	0.0186566	0.0242607	0.0310844	0.0282337	0.0303046	0.0167365	0.0181917	0.0349956	0.032861	0.0168791	0.0307758	0.0171612	0.0173882	0.0333556	0.0281257	0.0167649	0.0304902	0.0177479	0.0309048	0.03013	0.0217725	0.0342701	0.0343374	0.02296	0.0303631	0.0299661	0.0314268	0.000815691	0.0309645	0.0156919	0.0228204	0.01664	0.0178371	0.0282518	0.0180589	0.030101	0.0338478	0.0226014	0.0229232	0.0227253	0.0181615	0.0332365	0.0341918	0.0294329	0.0355752	0.0296982	0.0235567	0.0305392	0.0273812	0.0312853	0.0349956	0.0304902	0.0283513	0.0164539	0.0334316	0.035505	0.033399	0.028036	0.030451	0.0344611	0.0346419	0.0306179	0.028433	0.0299372	0.0351452	0.0344949	0.0303729	0.030549	0.0229969	0.0301881	0.0151289	0.0223916	0.0161084	0.0342925	0.0338588	0.0233837	0.030677	0.0350875	0.0234889	0.0174233	0.0298797	0.0280091	0.0278663	0.0298031	0.0222766	0.0277597	0.0223484	0.0224855	0.0178371	0.0229379	0.0333556	0.0334969	0.000885984	0.0341361	0.0220481	0.0188488	0.022813	0.0305196	0.0305982	0.0235039	0.0304804	0.0235869	0.0223268	0.0296411	0.0187556	0.0299853	0.0298414	0.0303339	0.0298031	0.0161527	0.0307857	0.0345966	0.0227034	0.0166174	0.0303144	0.0308948	0.0239292	0.0271722
